--- resources/transforms/cci2jules.json	2022-08-03 10:27:43.000000000 +0100
+++ bin/cci2jules.json	2022-08-03 10:28:20.000000000 +0100
@@ -1,4 +1,5 @@
-{"cover_map": [[0.0, 0.0,   0.0,   1.0,  0.0, 0.0,  0.0,  0.0,  0.0,  0.0],
+{"cover_map": [[1.0, 0.0,   0.0,   0.0,  0.0, 0.0,  0.0,  0.0,  0.0,  0.0],
+	       [0.0, 0.0,   0.0,   1.0,  0.0, 0.0,  0.0,  0.0,  0.0,  0.0],
                [0.0, 0.0,   0.0,   1.0,  0.0, 0.0,  0.0,  0.0,  0.0,  0.0],
                [0.0, 0.0,   0.0,   0.5,  0.0, 0.5,  0.0,  0.0,  0.0,  0.0],
                [0.0, 0.0,   0.0,   1.0,  0.0, 0.0,  0.0,  0.0,  0.0,  0.0],
@@ -36,8 +37,10 @@
                [0.0, 0.0,   0.0,   0.0,  0.0, 0.0,  0.0,  1.0,  0.0,  0.0],
                [1.0, 0.0,   0.0,   0.0,  0.0, 0.0,  0.0,  0.0,  0.0,  0.0],
                [0.0, 0.0,   0.0,   0.0,  0.0, 0.0,  0.0,  0.0,  0.0,  1.0],
-               [0.0, 0.0,   0.0,   0.0,  0.0, 0.0,  0.0,  1.0,  0.0,  0.0]],
-"source": ["cropland_rainfed",
+               [0.0, 0.0,   0.0,   0.0,  0.0, 0.0,  0.0,  1.0,  0.0,  0.0],
+	       [1.0, 0.0,   0.0,   0.0,  0.0, 0.0,  0.0,  0.0,  0.0,  0.0]],
+ "source": ["no_data",
+           "cropland_rainfed",
            "herbaceous_cover",
            "tree_or_shrub_cover",
            "cropland_irrigated",
@@ -75,5 +78,6 @@
            "water_bodies",
            "sea_ocean_water",
            "snow_and_ice",
-           "resolved_lake"],
+           "resolved_lake",
+	   "ocean"],
 "target": [0, 1, 2, 3, 4, 5, 6, 7, 8, 9]}
